 8.00000000e-01 -2.23143551e-01
 1.00000000e+00 0.00000000e+00
 1.20000000e+00 1.82321557e-01
 1.40000000e+00 3.36472237e-01
 1.60000000e+00 4.70003629e-01
 1.80000000e+00 5.87786665e-01
 2.00000000e+00 6.93147181e-01
 2.20000000e+00 7.88457360e-01
 2.40000000e+00 8.75468737e-01
 2.60000000e+00 9.55511445e-01
 2.80000000e+00 1.02961942e+00
 3.00000000e+00 1.09861229e+00
 3.20000000e+00 1.16315081e+00
 3.40000000e+00 1.22377543e+00
 3.60000000e+00 1.28093385e+00
 3.80000000e+00 1.33500107e+00
 4.00000000e+00 1.38629436e+00
 4.20000000e+00 1.43508453e+00
 4.40000000e+00 1.48160454e+00
 4.60000000e+00 1.52605630e+00
 4.80000000e+00 1.56861592e+00
 5.00000000e+00 1.60943791e+00
